00000000010000100001000000100010
00000000011000110001100000100010
00100000010000100000000000001010
00100000011000110000000000010100
00000000011000100100000000100010
00000001001010010100100000100010
00000001011010110101100000100010
00000000011000100101100000100000
00000001100011000110000000010011
00000001101011010110100000010011
00100001100011000000000000100000
00100001101011010000000000010110
00000001100011010111000000100100
00000001101011100111100000100111
00000001101011110001000000100101
00000000011000110001100000100010
00000000010000100001000000100010
00000001011010110101100000100010
00000001100011000110000000100010
00000001000010000100000000100010
00000001001010010100100000100010
